Areal values from HadUK-Grid 1km gridded climate data from land surface network
Source: Met Office National Climate Information Centre
Monthly, seasonal and annual total precipitation amount for Northern Ireland
Areal series, starting in 1836
Last updated 01-Mar-2022 11:05
year    jan    feb    mar    apr    may    jun    jul    aug    sep    oct    nov    dec     win     spr     sum     aut     ann
1836   66.0   25.7   52.6   34.6   10.9   43.4  138.9   34.6  115.2  120.6  109.3   23.8     ---    98.1   216.9   345.1   775.6
1837   61.6   74.7   11.7   42.5   43.4   32.4  103.4   45.6   45.2   31.6   74.0  119.8   160.1    97.5   181.4   150.8   685.8
1838   47.5   73.1   77.1   59.4   27.9   71.1  100.5   70.7   80.7   28.4  119.5   67.6   240.4   164.3   242.2   228.6   823.3
1839   30.3   31.7   58.5   36.9   27.1   92.4   98.4   89.5  105.2  129.1  126.9  132.7   129.6   122.5   280.4   361.1   958.7
1840  141.9   90.9   15.8   20.9   78.9   56.8   87.8   84.5   89.6   52.0  133.8  110.9   365.5   115.6   229.2   275.4   963.9
1841   73.8   70.5  110.5   47.7   53.5   98.3   84.1   63.4   76.9  105.0   97.7  105.1   255.2   211.6   245.8   279.7   986.5
1842  115.7   81.7  112.0    5.5  113.8   44.0  105.9   82.1  119.0   71.6  165.1   66.2   302.5   231.4   231.9   355.7  1082.6
1843   74.8   75.7   54.0   80.5  135.4   95.1  127.1  115.3   29.5  155.1  114.4   67.5   216.8   270.0   337.6   299.0  1124.6
1844  102.3  123.5   89.2   36.7    8.3  104.5   91.8   90.6   64.2  119.1   71.6   22.9   293.3   134.3   286.8   254.8   924.6
1845  125.2   48.6   48.4   78.7   31.8  111.7  128.9   48.6   72.1  150.4  136.7  130.0   196.7   158.9   289.3   359.3  1111.3
1846  117.8   57.1   92.9   75.3   49.1   53.7  120.6   97.1   90.8  141.4  124.4   48.2   305.0   217.3   271.3   356.6  1068.4
1847  125.1   53.6   40.6   76.8   89.0   48.3   36.7   33.0   80.8   74.3   94.7  180.6   226.9   206.4   118.0   249.8   933.5
1848   74.7  176.0  120.2   78.0   31.4   68.8  115.6   98.1   83.4  111.1   91.5   82.0   431.3   229.6   282.5   286.0  1130.7
1849  151.2   78.6   58.1   86.5   79.3   43.2  103.7   74.6  134.8   95.3  108.2  139.2   311.8   223.9   221.5   338.2  1152.7
1850  148.7  132.8   41.5  119.5   55.5   54.1  113.6   81.0   89.6   97.5  103.1   65.0   420.8   216.4   248.6   290.2  1101.8
1851  166.6   66.5   76.1   34.9   46.4   99.7  109.4   90.6   74.0  101.5   57.4   58.2   298.2   157.4   299.7   232.9   981.5
1852  148.7  109.6   47.9   59.6   42.2  145.7   73.1   78.8   68.8   70.5  235.4  188.9   316.5   149.7   297.7   374.7  1269.2
1853  115.6   48.3   93.4   61.3   14.8   57.3  108.7   72.1   29.9  146.4  116.2   45.2   352.7   169.5   238.1   292.5   909.1
1854  102.5   45.3   38.7    9.2   70.2  103.3  133.6   69.0   51.7   93.7   70.5  130.0   192.9   118.1   306.0   215.9   917.8
1855   16.2   68.2   81.1   49.3   76.1   32.1   74.2   91.5   62.9  152.4   30.3   71.6   214.4   206.5   197.9   245.6   805.9
1856   78.5   61.2   24.1   48.0   96.3   59.0   59.3   93.8   88.3   44.4   49.1   97.6   211.3   168.5   212.1   181.8   799.7
1857  100.1   59.2  106.6  115.6   38.2   59.7   58.5   66.0   57.5   51.0   72.2   58.8   256.9   260.4   184.2   180.8   843.5
1858   61.7   50.3   38.2  127.7   85.0   36.3   89.0   76.5   61.0   73.2   39.1  145.6   170.7   250.9   201.8   173.3   883.6
1859   93.1   67.7   91.8   82.6    8.9   41.9   65.6   90.6  121.8   56.9   90.6   88.4   306.4   183.3   198.0   269.3   899.7
1860  142.8   57.7   95.6   50.6  101.4  168.0   51.2  131.3   41.1   83.1   49.7   68.7   288.9   247.6   350.5   174.0  1041.3
1861   75.3   60.7  127.2   21.6   21.1   95.0  139.4  160.9  148.4   78.3   99.3   62.5   204.8   170.0   395.3   325.9  1089.7
1862  134.3   37.2   97.5   92.6   91.1   88.8  113.4   64.0   51.2  137.3   78.6  123.6   234.0   281.2   266.2   267.0  1109.5
1863  106.3   37.6   61.3   57.4   71.6  111.2   16.7  116.5  112.3  165.0   99.4   82.7   267.5   190.2   244.4   376.7  1038.0
1864   63.8   48.6   96.8   64.8   53.3   89.6   47.0   62.6   94.5   69.6  137.2   58.0   195.1   215.0   199.3   301.3   885.9
1865  122.0  105.7   75.7   26.9  100.5   17.8   62.1  125.6   16.2  151.2  122.3   95.0   285.7   203.0   205.5   289.6  1020.8
1866  158.1   93.7   92.4   47.2   38.8   66.0   63.0  120.3  122.7   69.4  127.0  121.2   346.7   178.4   249.3   319.1  1119.8
1867  120.5   80.4   67.7  121.8   96.2   38.0  162.6   77.0   59.8  164.1   34.1   69.3   322.1   285.7   277.6   258.0  1091.5
1868  115.8   83.1  118.8   60.3   62.6   27.7   21.1  129.6   47.9   82.4  112.5  153.9   268.2   241.7   178.4   242.8  1015.7
1869   99.5  130.7   59.7   69.0   63.4   36.9   58.0   47.0  121.9   52.8  141.9  134.3   384.1   192.1   142.0   316.6  1015.2
1870   94.9   88.4   36.2   45.2   69.4   41.6   49.6   58.8   85.3  247.0   55.9   88.8   317.6   150.8   150.0   388.2   961.1
1871  105.6   87.3   61.7  106.8   21.7   60.4  153.7   75.2   85.6   80.8   73.9   73.1   281.8   190.2   289.3   240.3   985.9
1872  158.5  113.3   78.8   87.0   72.0  125.6   69.6  116.4  162.5  141.6  140.7  157.8   345.0   237.7   311.7   444.8  1423.9
1873  136.6   26.7   63.9   19.5   61.1   48.2  136.2  157.8   80.5  109.4   75.5   38.3   321.1   144.4   342.1   265.4   953.5
1874   69.6   58.0   55.8   67.6   39.1   45.9   81.4  118.5  112.0  127.0  116.7  116.9   165.9   162.5   245.8   355.6  1008.5
1875  137.1   37.7   42.7   14.4   60.1   93.5   81.3   95.2  122.8  146.6  135.7   70.3   291.7   117.2   270.0   405.1  1037.5
1876   54.2  122.5  119.0   65.8   17.2   68.3   52.8   98.2  116.7  133.3  108.9  226.4   246.9   202.0   219.3   358.9  1183.4
1877  196.0   97.3   87.7   87.7   76.0   82.2  114.5  118.8   61.5  122.0  153.2  118.1   519.7   251.4   315.5   336.7  1314.9
1878  120.0   55.9   53.7   58.6  123.4  100.3   23.5  109.0  103.0  117.5   75.9   79.9   294.0   235.7   232.8   296.4  1020.7
1879   68.7   59.4   62.4   60.2  101.3  138.6  157.1  105.8  134.0   51.5   38.1   55.1   208.0   224.0   401.6   223.5  1032.3
1880   48.4   75.8   66.8  111.0   32.3   83.4  141.3   41.4   97.0   39.1  121.4   92.9   179.3   210.0   266.0   257.4   950.7
1881   25.4  114.1  105.1   48.8   67.0  112.8   76.3  110.6   67.1   96.3  117.8  107.0   232.4   220.9   299.7   281.2  1048.3
1882   66.4   76.1   92.6   88.2   68.4  103.5  163.1   90.6  108.4   80.4  178.0  112.4   249.5   249.1   357.2   366.8  1228.0
1883  141.0  115.9   50.2   47.1   59.4   55.6   88.4  127.6  142.8  106.5  127.0   78.8   369.3   156.7   271.6   376.4  1140.3
1884  153.9  101.7   95.5   45.5   80.7   26.8   96.9   77.8   89.7   94.2  109.3  117.3   334.3   221.7   201.5   293.3  1089.3
1885   73.5  108.8   66.4   68.9   62.7   20.5   57.0   58.4  146.1  111.0   67.0   56.3   299.7   197.9   135.9   324.2   896.7
1886  133.2   77.8   89.2   54.0  107.9   54.1   90.1   64.1   93.0  126.2   97.6  147.5   267.4   251.1   208.3   316.8  1134.9
1887   76.0   54.0   38.1   50.2   52.4   20.1   85.2   87.1   99.6   59.9   78.7   90.0   277.5   140.7   192.4   238.2   791.3
1888   67.6   26.1   97.7   53.8   75.8  118.9  152.9  112.9   38.3   47.6  140.3  103.8   183.7   227.3   384.7   226.2  1035.7
1889   92.3   79.6   66.0   87.8   86.9   12.4   92.4  179.4   76.7  114.2   61.3   94.0   275.7   240.7   284.2   252.2  1043.0
1890  122.8   33.0   77.0   40.0   48.7   87.0   78.5  105.2   94.5   69.0  218.2   55.4   249.8   165.7   270.7   381.8  1029.2
1891   53.4    9.5   67.9   68.0   86.2   60.7   73.7  165.5   80.7  121.6   93.2  137.8   118.3   222.0   299.9   295.5  1018.2
1892   82.7   51.8   25.2   27.7  122.9   93.9   76.7  154.5   95.3  111.4  124.9   74.3   272.3   175.8   325.2   331.6  1041.4
1893   78.9  104.8   41.0   37.4   39.4   53.9   85.1  137.1   73.9   95.9   66.4  112.8   258.1   117.8   276.2   236.2   926.7
1894  143.5  132.1   64.7   73.7   70.3   78.6  107.2   71.4    6.8  135.5   82.4  103.8   388.4   208.7   257.3   224.7  1070.1
1895   85.6   20.3  106.7   53.4   15.4   53.8  114.6  145.9   18.4  129.7  110.1  129.2   209.7   175.4   314.3   258.2   983.0
1896   55.2   67.2  121.6   51.7   21.1  100.1  170.1   69.4  136.2   97.9   36.6  130.9   251.6   194.4   339.6   270.7  1058.0
1897   53.7   80.9  145.2   79.6   62.6  170.3   67.2  145.6   63.8   79.2   82.2  135.4   265.5   287.4   383.1   225.2  1165.8
1898   54.2  105.0   40.8  108.7   95.5   86.0   16.7  117.2  115.1  101.6  100.4   93.1   294.7   245.0   220.0   317.1  1034.5
1899  108.8   81.7   60.9  114.8  103.8   66.9   77.4   63.0  112.3   58.9   90.1  156.6   283.7   279.5   207.3   261.4  1095.4
1900  108.1   91.4   27.5   78.5   84.5  114.6   92.5  127.0   69.0  139.8  161.9  119.4   356.2   190.5   334.1   370.7  1214.1
1901   98.5   48.6   87.1   81.7   55.4   87.0   38.1  115.3  105.2  112.1  121.5  111.9   266.5   224.2   240.5   338.8  1062.6
1902   74.7   70.7   63.6   74.2  110.5   60.1  101.4   78.8  101.2   59.4  112.3   92.8   257.2   248.3   240.2   273.0   999.6
1903  162.4   92.9  153.7   47.7   77.6   47.4  125.5  149.5  100.9  169.2   80.2   93.1   348.2   279.0   322.4   350.4  1300.3
1904  108.4  111.9   66.9   72.2   69.4   44.7  103.1  151.4   93.2   51.9   91.9   77.0   313.4   208.5   299.2   237.0  1042.0
1905   73.7   70.3  117.1   66.9   47.7   66.9   56.2  160.9   56.7   58.9  110.3   75.1   220.9   231.7   284.1   225.9   960.7
1906  124.1   82.5   76.5   73.9  115.2   33.0   66.3  122.6   38.8  131.9   91.4  109.4   281.7   265.5   222.0   262.2  1065.6
1907   57.6   72.8  120.9   75.5  110.9  142.8   79.2  104.4   34.0  116.9   84.9  100.1   239.9   307.4   326.4   235.8  1100.2
1908   85.5   80.2  128.2   83.1   67.0   69.8   90.1   82.9  139.2   54.3   89.5  103.3   265.8   278.3   242.9   283.0  1073.2
1909   93.5   63.9  110.0  109.9   58.4   55.2   99.0   67.2   67.3  139.5   46.8  105.9   260.7   278.4   221.5   253.6  1016.8
1910   97.1  150.4   59.2   67.4   66.6  105.7  102.7  167.0   34.8   54.3  102.8  119.2   353.4   193.2   375.4   191.9  1127.2
1911   47.2   97.8   43.9   68.4   53.5   52.3   85.2   63.9   42.3   89.8  119.8  169.4   264.2   165.8   201.4   251.9   933.6
1912  109.0   92.1  127.9   51.1   42.7  153.3  112.8  152.7   33.4   90.4  101.3  143.1   370.5   221.6   418.9   225.1  1209.8
1913  137.6   45.5   97.9  104.8   94.4   84.8   43.2   34.1  106.8   86.3  103.1   98.7   326.2   297.1   162.0   296.3  1037.2
1914   59.6  133.5  127.3   49.5   48.0   37.1   66.2  102.2   47.7   46.4  127.5  188.7   291.7   224.8   205.6   221.5  1033.7
1915  101.7  121.1   33.3   71.8   32.2   64.3  124.4   92.8   37.4   77.0   73.0  168.9   411.6   137.4   281.5   187.4   998.0
1916   89.3  117.3   50.1  118.8  155.0   61.9   70.0   77.6   34.9  175.3  117.3   85.8   375.5   323.9   209.4   327.5  1153.2
1917   66.9   63.9   83.7   74.2   97.7   63.0   64.7  155.2   59.2  172.8  145.0   87.2   216.7   255.6   282.9   377.0  1133.6
1918   90.1  128.8   38.6   39.7   64.6   51.7  103.5  100.9  159.0  115.1  120.2  129.7   306.0   142.8   256.1   394.3  1141.8
1919  119.1   33.0   97.4   53.8   51.0   85.6   21.3   94.0   92.6   52.5   88.7  203.4   281.8   202.2   200.9   233.8   992.5
1920  136.0   76.3   94.3   90.6   98.3   64.3   98.7   68.9   78.6  144.8  106.2  116.1   415.7   283.2   232.0   329.6  1173.1
1921  136.5   29.5   94.6   35.9   63.6   10.8  111.0  103.2   40.3   98.7  105.5  119.3   282.0   194.1   225.0   244.5   948.9
1922  118.8  118.6   50.8  104.3   51.2   64.0  106.1  108.2   80.5   41.4   55.4  105.5   356.7   206.3   278.3   177.3  1004.8
1923  108.5  157.5   59.5   93.5   53.5   37.8   77.4  170.2  129.9  122.1  112.6  122.3   371.5   206.5   285.4   364.6  1244.7
1924  119.1   46.2   29.8   91.0  134.4   86.6  130.6  145.2  151.4   75.0   86.0  130.5   287.6   255.2   362.4   312.4  1225.8
1925   91.7  121.4   52.1  108.4  133.0   22.7  108.5   63.4   95.1   92.3   66.2  101.9   343.7   293.5   194.6   253.5  1056.7
1926  163.2   93.1   53.6   55.6   86.6   70.6   98.3  109.3   72.4  102.1  128.8   42.8   358.2   195.8   278.2   303.3  1076.4
1927  122.8   58.9   89.6   52.3   46.5   99.6   93.6  104.0  135.5   92.9  113.6   60.0   224.5   188.4   297.2   342.0  1069.2
1928  184.3  122.2  102.1   52.6   34.3  135.4   61.9  152.2   88.5  156.4  149.5  102.3   366.5   189.0   349.4   394.4  1341.7
1929   50.6   87.2   13.5   35.5   71.7   71.4   89.4  168.5   32.0  143.6  130.5  203.5   240.1   120.7   329.3   306.1  1097.5
1930  120.1   24.8   73.5   51.9   50.5   60.9  112.3  190.0   92.0  160.5  118.9  108.6   348.5   175.9   363.2   371.5  1164.1
1931  106.1   96.8   46.1   81.6  110.0  138.6  118.4   81.5   67.2   71.3  160.6   88.8   311.5   237.7   338.5   299.1  1167.0
1932  106.9    5.0   65.9   92.8   74.3   42.9  123.8   68.9  101.1  106.3   73.8  150.3   200.8   233.1   235.6   281.2  1012.1
1933   81.3   89.2   70.9   44.6   69.6   71.0   83.4   63.8   20.0   86.2   43.5   61.4   320.7   185.2   218.2   149.7   784.9
1934  105.2   11.1   68.0   83.4   85.5   53.3   66.2  144.2  160.7  140.9   35.4  158.3   177.7   236.9   263.7   337.0  1112.2
1935   53.1  115.8   39.7   80.3   30.2  117.2   35.2   66.1  131.1  145.1  134.7   96.7   327.2   150.2   218.6   410.9  1045.2
1936  127.1   61.9   70.1   27.4   46.1   82.3  183.3   72.8  126.5   91.7  118.3  115.1   285.6   143.6   338.4   336.5  1122.5
1937  155.3  135.6   74.6   70.1   46.0   59.0  117.8   95.0   80.7   61.3   48.5   91.1   406.0   190.7   271.7   190.5  1034.9
1938  132.9   53.2   51.5    7.9   85.1  115.4  139.5   70.3   79.2  183.2  159.7  121.9   277.1   144.5   325.1   422.2  1199.8
1939  111.3   88.0  101.5   62.5   31.0   67.0  129.1   47.6   67.3   78.9  153.9   91.8   321.3   195.1   243.7   300.2  1030.1
1940  104.4   85.9  127.1  111.2   35.6   38.5  123.3   31.2   83.7  135.4  136.6  134.9   282.1   273.9   193.0   355.7  1147.8
1941   67.0   94.1   98.7   53.7   60.0   15.0   98.8  118.5   34.5  128.1  137.8   60.3   296.0   212.4   232.3   300.5   966.6
1942  175.9   56.0   93.2   61.3  101.2   14.4  117.4  152.0  141.6  100.9   28.4  136.9   292.3   255.8   283.8   270.9  1179.3
1943  139.1   72.7   37.3   68.9  104.4   93.4   60.2  171.4   82.4  101.9   90.4   75.2   348.7   210.6   325.0   274.7  1097.2
1944  119.4   37.9   23.9   62.5   57.4   81.3  102.0   88.0  145.8  136.4  150.9  131.6   232.5   143.8   271.2   433.1  1137.0
1945   97.8   99.5   44.2   48.8  116.3  118.5  119.5   46.0   90.3  111.7   27.7  110.0   328.9   209.3   284.0   229.7  1030.3
1946  125.3   81.4   46.6   28.6   33.0   96.2  107.0  145.4  181.0   40.7  124.1  131.1   316.7   108.2   348.6   345.8  1140.4
1947  109.1   35.5  141.0  105.0  105.5  107.3  115.9   12.6   82.6   58.7  148.4   80.2   275.7   351.4   235.7   289.7  1101.7
1948  173.8   67.5   72.9   60.9   50.3  100.7   85.4  108.3  109.4   91.2   79.8  163.5   321.5   184.0   294.4   280.4  1163.6
1949   92.4   77.1   68.0   80.8   59.2   30.6   69.2   88.0   69.5  145.4  103.8  147.2   333.0   208.0   187.8   318.7  1031.2
1950   65.2   99.0   54.7  121.1   37.9   63.8  163.6  154.3  197.1  102.5   87.1  100.8   311.5   213.7   381.8   386.6  1247.1
1951   97.0   95.6   81.5   51.9   54.4   68.5   93.8  130.6   75.5   34.8  170.9  134.5   293.4   187.8   292.8   281.2  1088.8
1952  136.8   39.0   51.8   43.4   41.6   71.8   50.2  132.2   58.1  124.2   81.1  115.9   310.3   136.7   254.3   263.4   946.1
1953   38.6   39.6   16.1   55.8   60.2   51.6  138.3  100.0   94.9   63.7  101.5   92.5   194.1   132.0   290.0   260.1   852.8
1954   86.1  117.8   98.3   24.1  110.9   78.1  115.4   82.9  131.8  164.5  150.7  136.0   296.4   233.4   276.4   447.0  1296.7
1955  110.7   98.7   32.3   70.6   83.2  119.0   39.0   31.9  107.6   78.2   72.2  132.4   345.4   186.1   189.8   258.0   975.8
1956   93.9   43.8   52.1   38.3   38.7   90.1  122.1  179.3  100.5   80.3   66.1  138.5   270.1   129.2   391.5   246.9  1043.8
1957  131.8   78.6   91.7   38.9   54.2   47.2  126.8  122.3  134.2  103.7   43.0  141.3   348.9   184.7   296.2   280.9  1113.6
1958  114.8  116.0   49.5   44.8   78.8  147.5  134.5  130.0  114.9   80.6   56.6  136.2   372.1   173.1   412.0   252.2  1204.3
1959   69.7   31.9   84.4   86.6   36.7   62.6   96.9   34.1   44.3  127.1  124.8  166.6   237.8   207.6   193.6   296.1   965.5
1960  109.2  100.3   67.1   75.1   59.0   74.0  164.8  133.9   81.2  122.0  111.2   96.5   376.1   201.2   372.7   314.4  1194.2
1961  117.4  105.7   38.2  143.8   71.8   50.8   72.8   94.6  115.6  124.7   71.0   95.6   319.6   253.8   218.2   311.4  1102.0
1962  120.9   58.2   65.5   55.7   70.1   48.1   61.4  122.5  178.0   49.5   74.5  119.2   274.7   191.3   232.0   302.0  1023.6
1963   38.6   64.1  114.5   73.5   92.7   99.0   73.6  106.9   84.6  127.8  180.5   28.9   221.9   280.7   279.5   392.9  1084.7
1964   54.5   37.9   90.0   62.0   64.8   78.5   55.6  112.0   89.4  139.3   87.2  128.3   121.3   216.8   246.0   315.9   999.5
1965  135.2   15.1   97.8   85.8   75.6  100.7   85.2  105.7  110.1   85.7  119.3  150.0   278.6   259.2   291.6   315.0  1166.1
1966   73.0  161.1   94.7   98.2   96.0  123.9   56.4   74.6   79.7  124.7  108.6  175.0   384.1   288.9   254.9   313.0  1265.9
1967   88.0   90.3   92.2   54.9  121.3   41.3   88.5  105.1  144.8  165.3   97.9  111.2   353.3   268.4   234.9   408.0  1200.9
1968  131.2   43.2   85.5   61.5   78.8   75.3   40.6   78.4  142.5  149.1  100.9   91.3   285.6   225.9   194.3   392.5  1078.4
1969  134.4   82.5   47.0   72.0  105.2   83.7   48.9   60.2   40.3   62.3  139.6  118.5   308.2   224.2   192.7   242.2   994.5
1970  108.0  130.4   86.5   88.3   36.7   60.4   93.7  109.8  126.4  120.2  137.6   43.4   356.8   211.5   263.9   384.2  1141.3
1971   80.8   79.0   50.2   87.0   64.7   94.1   68.8  108.5   39.9   62.6  129.1   34.0   203.1   201.8   271.5   231.6   898.7
1972  130.9   79.2  114.0   84.8  117.1   90.1   73.4   60.0   14.3   55.8  117.7   99.0   244.1   315.9   223.5   187.8  1036.3
1973  116.7   81.8   33.4   58.6   82.6   44.2   81.8   98.9   76.3   58.5  115.6  113.0   297.5   174.7   224.9   250.5   961.6
1974  163.1  101.8   56.3   27.9   81.3   49.6   95.7   82.6  152.6   71.3  112.6  123.7   378.0   165.5   228.0   336.5  1118.7
1975  157.4   35.3   60.3   66.5   20.5   31.5   73.8   54.5  125.3   91.6   83.1   40.8   316.4   147.3   159.8   300.0   840.5
1976  132.6   55.3   84.6   33.1  117.3   58.9   64.7   17.5  118.5  188.1   72.2  102.4   228.7   235.0   141.0   378.8  1045.1
1977  107.2  161.5   85.5   79.5   28.8   54.3   54.2   93.7   74.0  105.1  127.1  102.6   371.0   193.9   202.2   306.2  1073.5
1978  139.9   74.7  121.5   35.1   31.9   60.8   73.8   81.2  120.8   55.4  122.9  198.0   317.2   188.5   215.9   299.1  1116.0
1979   91.4   31.2   98.8   85.3   95.5   55.1   53.3  138.7   79.4  132.3  166.8  128.2   320.5   279.6   247.2   378.5  1156.0
1980  112.9   98.6  113.5   19.9   34.7  114.1   91.6   87.1  128.8  142.9   89.1  143.1   339.7   168.0   292.8   360.8  1176.2
1981  107.6   73.3  131.0   45.2  144.9   86.4   81.2   42.3  174.1  150.8   93.7   94.7   323.9   321.2   209.9   418.6  1225.3
1982  106.4   90.5  114.0   24.2   66.4  118.6   21.1   93.5   98.2  125.6  163.1  144.9   291.7   204.6   233.1   386.9  1166.5
1983  121.0   48.1  116.4   56.4   81.7   51.2   22.9   34.5  111.6  136.1   40.8  140.8   314.0   254.5   108.6   288.5   961.5
1984  183.1  113.3   74.8   30.7   22.6   59.4   53.8   72.5  106.3  115.5  116.3  120.1   437.2   128.1   185.7   338.1  1068.3
1985   74.6   37.4   89.3   76.6   77.4   76.6  115.9  191.2  156.5   48.3   91.2   98.9   232.1   243.2   383.7   295.9  1133.7
1986  158.6    5.4  117.8  105.8  129.5   47.4   73.9  143.5    9.1  110.4  133.4  163.7   262.8   353.1   264.8   252.9  1198.5
1987   48.7   64.3  107.3   47.5   41.7   98.9   71.7  119.7   86.4  139.9   86.5   70.4   276.7   196.5   290.2   312.8   983.0
1988  179.4  113.9  139.8   40.8   47.1   48.1  134.0  131.0  112.1  144.9   58.5   92.5   363.8   227.7   313.1   315.5  1242.2
1989   75.0  102.4  124.9  106.7   32.7   58.3   43.8  117.0   54.7  145.7   51.2   77.6   269.9   264.2   219.2   251.5   989.9
1990  140.4  194.9   64.6   74.0   50.2  127.6   63.5   92.0   47.8  205.7   88.0  120.4   412.9   188.7   283.1   341.5  1269.0
1991  100.5   57.2  112.7  118.8   10.7   97.7   62.6   38.7   60.0  109.2  144.1  123.0   278.1   242.2   199.0   313.2  1035.1
1992   80.2   93.3  144.9  109.0   48.4   40.2   90.0  171.9   90.1   84.2  139.5   86.3   296.5   302.3   302.1   313.7  1178.0
1993  142.2   31.2   66.9  124.8  136.5   74.8  107.1   67.7  107.3   40.3   60.0  196.9   259.7   328.2   249.6   207.6  1155.7
1994  155.4  132.8  130.6   89.3   38.3   69.0   68.0   91.4   74.1   63.9   94.4  152.1   485.0   258.2   228.4   232.4  1159.3
1995  152.7  121.7  108.4   37.3   53.3   32.2   78.4   13.4   85.0  170.4  153.4   65.1   426.5   199.0   123.9   408.7  1071.1
1996  120.1  100.2   54.8  113.4   88.2   45.9   70.0  112.1   37.7  149.5  128.4   62.3   285.4   256.3   228.0   315.6  1082.6
1997   31.7  142.3   51.4   47.0  105.2   94.6   96.5   71.5   57.5   83.0  127.0  137.0   236.4   203.6   262.6   267.5  1044.7
1998  122.1   51.4   85.8  101.4   48.6  117.6  125.6   91.1   83.6  182.2  136.0  121.0   310.5   235.7   334.3   401.7  1266.3
1999  147.1   86.7   64.9   97.2   65.3   68.8   53.4   97.0  179.6   58.3  114.4  222.3   354.8   227.4   219.2   352.2  1255.0
2000   65.1  113.5   57.7  103.0   67.0   60.3   40.0  105.0  132.8  180.9  158.1  152.9   400.9   227.7   205.3   471.9  1236.3
2001   65.3   68.3   68.5   74.6   50.8   65.4   62.7  110.7   57.9  112.6   78.2   82.6   286.6   193.9   238.8   248.7   897.7
2002  126.9  165.4   73.4  102.2  135.6  119.7  105.1   57.1   42.3  200.9  191.9   89.6   374.9   311.2   281.9   435.0  1410.1
2003  107.5   68.8   48.3   52.4  127.9   86.4   94.0   22.8   65.5   52.4  115.3   95.8   266.0   228.6   203.3   233.2   937.1
2004  132.5   51.0   86.8   79.4   48.3  108.6   63.0  114.0  105.8  133.3   60.5  107.3   279.3   214.5   285.6   299.7  1090.5
2005  135.5   60.2   76.7   92.2  103.2   56.0   45.9   91.5   89.2  129.2   82.1  111.9   302.9   272.1   193.3   300.5  1073.5
2006   51.1   46.7  143.3   72.6  113.9   36.2   67.9   91.6  137.4  125.9  131.5  138.9   209.7   329.7   195.8   394.7  1156.9
2007  128.8   87.0   81.3   28.8   71.8  148.1  129.7  105.2   57.2   56.3   87.3  113.1   354.8   181.8   383.0   200.8  1094.5
2008  186.5   60.9  133.2   46.4   18.9   76.0  122.6  206.6  118.3  146.1   80.9   79.3   360.5   198.6   405.2   345.4  1275.8
2009  134.8   38.0   64.4  110.3  100.2   59.2  133.6  165.1   40.3  116.5  216.7   77.9   252.1   275.0   358.0   373.5  1257.1
2010   87.9   62.2  107.3   56.7   43.2   45.6  136.3   62.0  162.0   64.6  145.7   66.9   228.0   207.2   243.9   372.3  1040.4
2011   66.1  136.0   53.6   36.1  106.9  103.0   69.6   71.3  122.9  210.1  130.1  155.9   269.0   196.7   243.9   463.0  1261.6
2012  114.0   67.2   25.5   69.3   60.3  178.2  104.5  112.6  108.5  120.6   83.2  134.1   337.0   155.2   395.3   312.4  1178.0
2013  140.8   74.7   88.9   76.6  105.3   84.6   72.3   55.2   68.6  156.7   65.7  145.0   349.5   270.8   212.1   291.0  1134.4
2014  173.6  170.7   87.2   43.5   89.3   56.1   70.9  136.3    9.5  134.1  177.6  143.9   489.3   220.1   263.3   321.1  1292.6
2015  141.7   82.5   98.9   60.9  123.4   45.5  119.6  120.3   46.2   69.7  190.2  220.2   368.1   283.2   285.4   306.1  1319.1
2016  175.5  109.3   72.1   78.3   58.4   88.8   97.8   67.6   96.6   44.6   81.1   78.3   504.9   208.8   254.2   222.4  1048.4
2017   54.9   74.3  106.0   25.1   56.4  103.8  122.5  123.5  146.3  105.4  113.9  115.7   207.5   187.5   349.8   365.6  1147.9
2018  179.3   82.9   81.4   80.8   53.4   50.6   71.9   98.9   55.5   69.7  144.2  108.9   377.9   215.6   221.4   269.5  1077.5
2019   55.1   78.6  160.7   73.5   59.5  106.6   82.9  152.5  110.7   99.4  119.6  110.5   242.6   293.8   342.0   329.7  1209.7
2020   69.9  231.8   69.7   23.9   31.0  122.6  121.2  154.3   78.4  162.4  121.9  136.5   412.2   124.6   398.0   362.8  1323.6
2021  125.2  109.4   77.6   23.0  108.6   38.3   46.6  108.0   83.9  132.2   69.9  130.5   371.1   209.2   192.9   286.0  1053.3
2022   53.4  144.6                                                                         328.5                                