Areal values from HadUK-Grid 1km gridded climate data from land surface network
Source: Met Office National Climate Information Centre
Monthly, seasonal and annual total precipitation amount for Scotland E
Areal series, starting in 1836
Last updated 01-Mar-2022 11:06
year    jan    feb    mar    apr    may    jun    jul    aug    sep    oct    nov    dec     win     spr     sum     aut     ann
1836  131.3   84.6  138.5   66.5   20.5   77.8  147.0   69.7  143.9  112.3  153.7  125.3     ---   225.6   294.5   409.9  1271.2
1837   69.9  108.7   47.6   77.1   49.0   74.0  142.4  107.9   63.5   80.4   74.0   95.1   303.8   173.7   324.3   217.8   989.4
1838   69.5   67.8  100.1   64.4   83.6  162.0   83.9  106.0  108.8   87.2  118.7   66.4   232.4   248.1   351.9   314.7  1118.4
1839   85.6   67.5   97.7   26.7   49.8   87.7   94.1   70.4  167.1  111.3  110.6  140.0   219.5   174.2   252.1   389.0  1108.3
1840  150.0   79.9   25.7   12.8   96.2   82.7   97.0   72.3  110.7   93.5  106.5   49.1   369.9   134.7   252.0   310.6   976.3
1841   80.5   75.3   60.3   45.8   54.9   56.9   98.7  144.8  106.0  172.0   86.1  108.7   204.9   161.0   300.4   364.1  1090.0
1842   87.3   76.0  116.6    5.6   65.7   62.7   70.6   58.7   85.8   66.9  113.5  108.7   272.0   187.8   192.0   266.2   918.0
1843  118.6   52.2   50.2  101.8   95.4   53.0  117.5   83.3   27.1  134.4  120.5   31.2   279.5   247.4   253.9   282.0   985.3
1844   86.3  106.6   80.0   23.9   22.8  104.1   82.5   79.6   76.6   59.9  165.8   46.2   224.1   126.6   266.1   302.4   934.3
1845   85.3   59.9   71.5   46.6   49.9   99.9   82.0  103.0  100.7  169.2  116.8  116.9   191.4   168.0   284.9   386.7  1101.6
1846  101.7   68.8   76.6   96.3   67.7  115.1  157.2  131.9   97.8  184.5   93.6   50.9   287.3   240.6   404.2   375.9  1242.1
1847   59.7   41.4   36.4   63.0  125.9   75.7   74.5   48.9   58.4  156.1  106.5  178.3   152.0   225.3   199.0   321.0  1024.8
1848   67.3  228.4  114.7   68.6   35.4  147.7   91.4   94.7   41.9  142.6  113.9  100.6   474.0   218.7   333.7   298.4  1247.1
1849  163.9   77.3   46.5   66.8   73.0   60.4  106.8   74.0   56.9   70.0  106.7   98.8   341.7   186.3   241.2   233.5  1001.0
1850   84.1  135.1   22.3   76.3   75.6   50.2   61.4  101.2   67.5   79.5  126.3   84.7   318.0   174.2   212.8   273.3   964.2
1851  163.2   54.0  147.1   76.4   24.5   83.2   96.8  102.1   42.8   76.3   50.0   40.0   301.9   248.0   282.1   169.2   956.4
1852  203.6  104.7   18.7   16.6   56.8   99.4   67.6  118.3   71.0  125.8  145.5  260.2   348.3    92.1   285.4   342.3  1288.3
1853  163.9   77.7   46.5   50.7   29.4  101.6  110.4   97.2   71.8  171.5   79.1   50.6   501.7   126.6   309.2   322.5  1050.5
1854  131.3   52.1   48.1   31.1   95.1  101.2   72.2   62.1   42.5  100.7  118.2  110.9   234.1   174.4   235.5   261.4   965.5
1855   44.9   48.9   83.9   43.7   46.4   62.5   93.1  113.1   22.7  112.3   53.1   77.1   204.7   174.0   268.8   188.1   801.8
1856   83.2  111.7    6.2   89.8   83.1  104.0   77.9  105.8  167.3   52.2   60.8  120.7   272.0   179.2   287.8   280.3  1062.9
1857   89.5   44.8  106.0   79.9   56.4   80.4   58.5   54.1  124.7   64.0   95.0   95.3   255.0   242.3   193.0   283.6   948.5
1858   72.6   31.5   51.4   49.4   84.8   54.3  138.4   77.1   80.9  125.3   72.1  122.2   199.4   185.6   269.8   278.3   960.0
1859  114.5   82.3  105.6   99.4    5.7   63.7   71.6   59.0   82.5  144.4  111.9  112.9   319.1   210.7   194.3   338.7  1053.5
1860  118.2   74.5   94.7   30.0   51.4  144.2   65.8  107.2   40.2  112.4  105.7  137.4   305.5   176.1   317.2   258.4  1081.8
1861   75.8   87.7  107.7   33.6   38.8   75.8  109.6  165.7  137.2   82.6  172.9   77.6   300.9   180.2   351.1   392.7  1165.1
1862  145.3   52.3  114.0   71.6   99.9  119.7   91.8  103.7   63.1  147.5   55.6  130.0   275.2   285.5   315.2   266.2  1194.5
1863  150.3   58.5   53.9   82.1   53.0   89.5   17.7  131.5  116.8  104.9   81.9  106.1   338.8   189.0   238.7   303.6  1046.2
1864   75.7   99.0   96.5   39.7   55.8   66.4   71.3   39.6  129.7  174.0  130.3  112.7   280.7   191.9   177.4   434.1  1090.8
1865  104.1   88.7   55.1   24.0   91.1   16.5  102.4  116.4   25.4  156.7   98.9  107.9   305.5   170.1   235.3   281.1   987.2
1866  136.9  127.2  103.7   58.3   40.0   49.9   96.2  114.8  124.2   76.2   96.6  134.6   372.0   202.0   260.9   297.0  1158.5
1867  146.0   76.7   74.3  120.5   82.4   54.2  148.2   82.9   78.9  100.5   25.2   75.3   357.3   277.1   285.3   204.6  1065.0
1868  159.3  124.9  101.1  108.2   66.3   30.5   17.9  156.2  119.8   92.4   75.5  187.7   359.5   275.6   204.7   287.7  1239.8
1869  143.8  105.8   45.1   56.5   43.3   67.6   38.2   37.7  164.0  116.4   86.4  121.3   437.2   144.9   143.5   366.8  1026.0
1870   70.3  115.0   29.8   35.8   72.9   45.8   46.9   50.2   88.3  128.1   73.3  119.9   306.6   138.5   142.9   289.7   876.3
1871   65.9  119.0   58.6  126.1   28.1   60.8  123.3   82.1   77.3  116.3   84.4   88.8   304.8   212.9   266.3   278.0  1030.8
1872  159.2  156.7   89.9   74.1  107.1  143.9   90.8  114.0  170.1  146.2  185.8  162.5   404.7   271.1   348.6   502.1  1600.3
1873  145.9   44.9   60.0   26.8   89.6   49.9  132.5  108.8  124.2  131.8  102.9   84.2   353.3   176.4   291.2   358.9  1101.5
1874   92.2   48.9   77.6   55.8   53.4   40.1   92.2  172.2  100.3  146.5  118.1   77.4   225.3   186.8   304.5   365.0  1074.9
1875  157.6   45.3   57.3   38.4   50.3   81.4   92.1   81.7  125.8  156.2  140.1  111.3   280.3   146.1   255.2   422.1  1137.5
1876   64.7  129.2  131.7   97.1   26.6   82.2   52.3   88.7  109.1  130.5  120.1  262.8   305.3   255.3   223.2   359.6  1294.9
1877  175.0   97.2   68.3   95.9   79.3  118.8  114.1  194.9   68.7  147.8  159.1  103.4   534.9   243.5   427.7   375.7  1422.4
1878   85.3   46.1   56.2   48.3   97.2   79.2   23.4  152.1  113.5  122.6  109.9   87.3   234.8   201.7   254.7   346.0  1021.1
1879   55.9   82.1   96.9   73.4   70.4  120.7  122.6  137.5   85.9   43.9   68.0   59.1   225.3   240.7   380.8   197.9  1016.5
1880   50.2  115.2   61.9   94.8   30.4   63.1  118.4   25.6   94.0   74.5  132.6   96.4   224.5   187.1   207.1   301.1   957.0
1881   36.6  101.9   84.0   31.8   71.6   83.2  104.2  121.8   94.3  123.4  146.0   82.9   234.9   187.3   309.2   363.8  1081.6
1882   82.3   83.8  110.9  102.1   65.4  115.9  130.0   70.5   90.1  113.2  141.0  154.8   248.9   278.4   316.4   344.4  1260.1
1883  129.3  126.5   87.8   52.2   50.5   70.1  139.3  114.3  102.4  102.0  105.4   81.7   410.6   190.5   323.7   309.7  1161.5
1884  154.9  106.1  104.4   45.9   73.0   24.7  134.6   69.9   73.5   98.3  100.5  114.3   342.8   223.4   229.2   272.4  1100.3
1885   80.7  120.3   67.3   73.4  105.6   30.5   38.7   90.3  142.2   88.5   80.2   69.2   315.3   246.3   159.5   310.9   986.9
1886  119.2   48.2  102.6   53.9  110.8   38.5   97.3   47.1  103.7  126.3  100.1  102.7   236.7   267.4   183.0   330.0  1050.6
1887   82.2   60.0   54.5   57.3   35.4   21.9   70.0   76.3  110.6   60.3  112.0   83.5   245.0   147.2   168.2   282.8   823.9
1888   83.6   42.1  109.2   59.8   70.8   78.4  140.8   73.4   31.2   84.2  188.5   85.9   209.2   239.8   292.6   303.9  1047.9
1889   55.7   77.8   55.9  110.8   64.7   26.7   85.7  164.9   35.2  118.3   45.7   74.9   219.5   231.4   277.3   199.3   916.4
1890  161.5   37.6   87.1   40.7   60.8   92.7   96.4  103.2   82.1  106.5  176.7   54.1   274.0   188.7   292.3   365.3  1099.6
1891   64.5   18.0   95.9   40.7   66.2   27.3   96.0  158.0  143.6  116.2  113.2  146.2   136.6   202.8   281.3   372.9  1085.7
1892   88.2   70.2   35.7   31.1   92.8   90.7   68.0  142.0   92.8  159.5   86.1   47.0   304.5   159.6   300.8   338.4  1004.1
1893   65.0  119.8   31.9   34.5   45.5   72.7   85.9  100.5   80.3   95.3   92.5  112.5   231.7   111.9   259.1   268.2   936.4
1894  142.7  202.3   69.4   42.1  107.5   68.5   98.7  146.1   20.1  101.3   84.0   96.1   457.5   219.0   313.3   205.4  1178.8
1895   95.9   33.9  103.4   53.0   22.5   70.3  124.3  148.6   39.7  124.1  128.0  130.2   225.9   178.9   343.2   291.8  1073.9
1896   51.0   40.1   87.5   45.5   26.7   90.4  105.4   61.1  138.2  135.9   40.1  179.4   221.2   159.6   256.9   314.3  1001.1
1897   58.6   62.9  154.0   61.1   57.0  127.5   58.2  142.8   74.4   69.0   82.1  141.5   300.8   272.2   328.5   225.5  1089.2
1898   58.3   76.9   50.0  125.0   65.6   53.8   33.5   98.9   86.4  146.8  142.0  139.8   276.7   240.7   186.2   375.3  1077.1
1899  136.0   80.1   86.8  110.6   93.5   47.1   90.3   32.0  116.7   67.5  127.1  120.1   355.9   290.9   169.5   311.3  1107.8
1900  131.9  114.4   52.7   68.2   73.0   94.4  104.0  121.9   78.8  125.5  137.2  171.8   366.4   193.9   320.2   341.4  1273.6
1901   81.2   61.9   75.1   75.5   62.7   73.4   56.1  111.5   70.3   96.0   83.4  132.3   314.9   213.3   241.0   249.7   979.4
1902   66.8   40.8   58.9   69.6   80.7   62.8   88.0   78.4   64.3   67.0  105.0  145.5   239.8   209.2   229.2   236.3   927.8
1903  163.5  156.1  161.1   54.6   54.4   58.5  139.1  139.5   92.6  212.4   73.2   92.9   465.2   270.1   337.2   378.3  1398.1
1904   87.0  110.8   64.3   93.9   80.4   52.0   56.1  122.8   79.6   44.3   49.9   98.6   290.7   238.6   230.8   173.8   939.5
1905   45.8   60.9  127.6   79.9   49.4   37.1   63.7  114.9   67.4  100.3  170.3   63.4   205.3   257.0   215.6   337.9   980.5
1906  113.7   68.3   75.7   44.7  159.5   36.6   57.8  142.9   42.0  171.2  146.0   85.2   245.4   279.9   237.4   359.2  1143.7
1907   56.8   71.6   70.4   72.7  116.5  124.6   69.6  114.0   34.9  163.5   74.9  121.0   213.7   259.6   308.2   273.3  1090.5
1908   88.7   65.3  139.9   53.2   60.8   48.8   86.1   81.9  136.8   65.5   75.1   81.4   275.0   253.9   216.8   277.4   983.5
1909   97.2   43.7  137.2  105.8   83.6   49.2   94.0   68.0   60.2  153.5   54.8  114.8   222.3   326.7   211.3   268.5  1062.2
1910  106.4  111.5   63.2  107.3   53.5   48.0  114.8  179.1   30.7   82.6  127.1  119.7   332.7   223.9   341.8   240.5  1143.8
1911   51.4   97.2   59.3   68.1   54.4   74.8   55.0   57.3   39.8   88.5  169.6  185.1   268.2   181.8   187.1   297.8  1000.4
1912  127.9   92.1   99.8   25.5   54.7  110.3   65.1  138.8   78.2  124.4   94.8  161.7   405.1   180.1   314.2   297.4  1173.4
1913  128.5   58.6  148.6   90.8  110.5   69.0   22.8   40.4   78.9   69.4   93.3   80.0   348.8   349.8   132.3   241.6   990.8
1914   77.4  121.5  124.5   47.8   68.1   41.3   85.3   75.0   39.7   67.8  153.0  212.0   279.0   240.5   201.6   260.5  1113.5
1915   93.1  167.5   66.0   57.6   37.4   42.0  114.1   94.7   74.3  106.0   86.2  197.7   472.6   160.9   250.8   266.5  1136.5
1916  122.1  123.4   92.9   84.9  112.8   95.1  138.9  107.5   49.7  180.0  157.4  125.6   443.2   290.6   341.5   387.0  1390.3
1917   76.1   28.1   65.0   57.8   65.4   62.4   50.0  161.6   62.1  137.3  129.6   54.4   229.8   188.2   274.0   329.0   949.8
1918   98.1  109.0   37.9   28.3   78.3   35.2  134.9   78.7  147.2  118.9   90.6   88.3   261.5   144.5   248.9   356.8  1045.5
1919  110.8   46.1   85.8   83.4   32.7   60.3   24.2   70.1   82.9   71.3  151.9  162.9   245.2   201.9   154.5   306.1   982.3
1920  121.2  106.8  110.0   72.2  106.8   33.2   93.7  113.5   66.3   91.3   98.0  121.9   390.9   289.1   240.3   255.7  1134.8
1921  141.4   22.3  116.8   32.2   69.0   23.1   79.1  124.1   49.8   88.3   73.8  116.6   285.6   218.0   226.3   211.9   936.6
1922  137.5   96.8   67.0   89.0   56.7   52.4  116.2   68.3   73.3   62.9   64.8  102.4   350.8   212.6   236.9   201.0   987.3
1923   99.2  188.0   49.1   85.3   90.1   34.7   75.6  160.5  104.0  128.0  109.0  102.4   389.6   224.4   270.8   341.0  1225.7
1924   84.4   43.9   28.5   56.3  132.9   56.7  137.7  112.1  136.9  109.0   73.6  159.0   230.7   217.7   306.6   319.6  1131.2
1925   97.9  153.1   66.2  111.5  136.9   19.8   66.1   80.4  108.0   97.4   43.1  111.6   409.9   314.7   166.2   248.5  1091.9
1926  154.2  119.9   62.0   76.1   80.5   99.3   80.1   76.2  112.0  155.0  169.0   38.0   385.7   218.6   255.7   436.0  1222.4
1927  114.6   50.6   87.1   71.5   72.9  102.7   91.1  148.1  177.1  145.0  111.3   67.0   203.2   231.4   341.9   433.4  1238.9
1928  207.3   87.4  138.5   47.4   46.1  116.5   61.6  140.8   91.5  147.7  129.2  102.2   361.6   232.0   319.0   368.4  1316.3
1929   46.3   49.9   15.0   50.3   73.0   62.3   98.3  122.4   31.4  122.8  131.3  214.8   198.5   138.3   283.0   285.5  1017.8
1930  122.4   35.9   62.1   62.2   47.8   61.8   92.0  181.3  140.9  140.7  137.7  118.5   373.1   172.2   335.1   419.4  1203.4
1931  102.1   78.3   36.4   74.2  104.7  128.4  122.9   89.3   44.7   67.0  178.6   75.0   298.9   215.2   340.6   290.3  1101.6
1932  134.7   10.0   86.2  106.4   87.6   33.2  105.0   39.7   94.1  207.5   74.2  149.3   219.8   280.1   177.9   375.7  1127.9
1933  103.8  108.1   57.0   55.5   45.0   44.7  102.5   46.4   50.3  132.2   90.4   39.8   361.2   157.5   193.6   272.9   875.7
1934  114.1   17.4   96.4  147.5   77.9   49.6   90.5  121.1  107.8  150.0   55.1  182.4   171.3   321.9   261.2   312.9  1209.8
1935   54.7   98.8   55.3  115.5   31.7  105.9   39.8   75.6  137.6  184.2  138.5   77.3   335.8   202.4   221.3   460.3  1114.7
1936  139.4   91.2   68.4   34.6   35.7   48.0  133.6   56.4   98.2   87.4   86.3  121.8   307.9   138.7   238.0   271.9  1001.1
1937  190.3  112.5   93.5   46.8   70.4   53.3  113.4   94.9   59.4   94.8   27.7  111.3   424.6   210.7   261.7   181.9  1068.5
1938  154.8   55.9   48.9   14.8   97.9  123.0  121.2   58.1  101.5  171.0  172.7  113.4   322.1   161.6   302.3   445.1  1233.2
1939  130.8  106.8   95.4   48.8   35.3   57.0  132.5   58.0   67.2  136.1  161.9   59.5   351.0   179.4   247.6   365.2  1089.3
1940   46.6   54.6   97.0   71.2   43.5   23.4  182.6   45.1   74.5  131.1  176.5  102.5   160.8   211.7   251.1   382.2  1048.7
1941   80.8  128.6   65.8   56.9   74.2   26.3   87.1  119.8   37.3  130.7  145.9   66.8   311.9   196.9   233.2   314.0  1020.3
1942  127.9   57.3   62.3   59.9   93.7   37.3   82.6   95.9  112.5  118.6   27.8  125.3   251.9   215.9   215.7   258.9  1000.9
1943  131.8   80.7   46.8   67.2  108.3   79.2   61.4  139.8   95.8  148.9   75.0   50.6   337.9   222.3   280.3   319.7  1085.4
1944   94.3   51.3   27.7   69.1   80.3   86.6   76.1   70.3  116.9  125.1  160.5  120.9   196.1   177.1   233.0   402.4  1079.0
1945  125.5  110.4   53.2   47.2  124.6   89.4   86.7   88.5  121.4  133.8   29.3  147.5   356.9   225.0   264.6   284.5  1157.5
1946  100.3   68.3   67.8   24.8   55.5   85.8  122.3  119.2  144.6   15.9  185.6  114.3   316.1   148.1   327.3   346.1  1104.4
1947  130.4   60.7  120.6  147.3  104.7   88.9   88.9    4.0   92.7   59.5  130.6   65.1   305.4   372.7   181.8   282.8  1093.4
1948  166.7   97.1   64.0   65.2   78.2  135.1   82.5  208.1  101.7  111.4   62.2  153.9   328.8   207.4   425.8   275.2  1326.0
1949   90.4   78.8   55.9   72.3   62.6   40.5   59.1  109.2   50.9  135.0  119.3  147.8   323.1   190.8   208.8   305.2  1021.8
1950   71.4  115.3   81.4   85.0   46.3   52.7  122.1  115.6  199.4   74.7  120.9   65.1   334.5   212.7   290.4   395.1  1150.0
1951  115.3  104.7   83.2   96.0   54.8   57.2  100.0  134.0   64.9   29.0  231.8  118.4   285.2   234.0   291.2   325.8  1189.3
1952   85.1   36.0   85.1   54.6   66.2   77.9   60.0  106.2   66.0  113.5   88.8  109.4   239.4   205.9   244.2   268.3   948.8
1953   42.8   44.8   22.5   82.6   68.8   73.5  126.4   69.8  107.6   61.9  118.5  114.1   197.0   173.9   269.7   288.0   933.4
1954   86.6   91.3   79.9   37.2  139.6   73.2   79.7  113.4  107.0  190.0  183.9  155.7   292.0   256.7   266.4   480.9  1337.5
1955   62.2   84.0   52.0   36.0   80.6   41.2   32.5   27.0   66.0  100.5   57.3  185.4   301.9   168.5   100.8   223.8   824.7
1956   97.6   59.9   59.1   38.0   40.8   82.9  134.4  170.5  125.4   82.4   46.0  151.3   342.9   137.9   387.7   253.9  1088.4
1957  133.0  102.5   88.7   39.6   56.8   54.6  141.1  134.0   71.2   75.8   55.5  139.6   386.8   185.1   329.8   202.5  1092.4
1958  101.6   90.5   82.6   53.9   88.2   84.5  151.2  115.6   98.0   77.2   32.4  153.9   331.8   224.7   351.2   207.6  1129.6
1959   70.0   25.6   62.8   84.8   32.9   70.5   96.2   34.7   25.7  117.7  177.1  180.8   249.6   180.5   201.3   320.4   978.7
1960  125.0  110.0   58.6   87.3   55.0   55.3   95.1  138.5   77.1  174.5  135.1  101.2   415.8   200.8   289.0   386.7  1212.7
1961  108.5   90.4   44.2   87.9   47.2   40.9   95.5  119.5  113.5  148.5   72.2  101.3   300.0   179.3   255.9   334.2  1069.5
1962  155.2   79.0   52.4   60.5   63.9   48.0   92.4  145.7  150.6   46.1   98.5  117.7   335.5   176.9   286.2   295.3  1110.1
1963   54.1   52.2  135.5   78.8   80.7  102.1   67.4  156.6   93.9   84.8  195.5   46.4   224.0   295.0   326.2   374.2  1148.1
1964   41.8   42.2   94.2   75.4   68.5   71.6   51.3  125.1   92.9   63.8   65.3  113.4   130.5   238.1   248.0   222.0   905.7
1965  107.2   31.3   67.9   80.4   73.5   88.9  109.2   77.6  152.4   93.7  102.3  108.3   252.0   221.8   275.7   348.5  1092.8
1966   74.4  121.6   64.4   76.9   90.3  139.8   52.3  127.6   77.8  125.5  107.7  140.7   304.3   231.6   319.7   311.0  1199.0
1967  104.6  116.0  108.7   46.7  149.1   46.6   68.8   77.4  107.0  167.9   89.2   63.5   361.4   304.6   192.8   364.1  1145.6
1968   82.5   65.4   79.2   77.6  119.5   47.9  111.8   54.5  107.9  151.3   75.0   86.0   211.3   276.3   214.2   334.3  1058.6
1969  127.8   74.5   48.7   68.3  134.2   81.7   48.5   73.3   67.5   58.5  117.5   84.6   288.2   251.2   203.5   243.5   985.1
1970  125.1   99.9   57.1   71.4   48.8   63.4  119.2  115.6  102.7  100.7  140.9   61.3   309.6   177.2   298.2   344.3  1106.1
1971  110.8   53.1   77.2   52.0   67.5   59.5   91.8   82.1   34.9   89.7   89.3   67.8   225.2   196.7   233.3   213.8   875.6
1972  149.6  101.7   63.6   78.7  104.2   82.9   47.3   54.6   16.0   35.0   98.0   96.4   319.0   246.5   184.8   149.1   928.0
1973   70.5   42.3   32.7   69.7   81.5   55.4   82.5   72.2   61.7   60.9   82.8  109.4   209.2   183.9   210.0   205.4   821.5
1974  204.8   88.6   73.5   24.3   65.2   53.7   75.1   76.0   95.7   87.7  148.7  143.5   402.7   163.0   204.8   332.0  1136.7
1975  175.5   40.7   45.0   79.0   37.8   53.9   91.5   71.2  144.9   48.8   78.6   40.9   359.7   161.8   216.6   272.4   907.8
1976  113.2   59.4  110.7   40.7  109.1   34.9   53.1   24.3  146.9  199.8   84.3  100.2   213.5   260.5   112.3   431.0  1076.6
1977   96.7  128.9  112.6   76.0   63.6   72.1   46.8   93.8  101.1  133.1  134.7   82.4   325.8   252.2   212.6   368.9  1141.7
1978  126.6  109.6  120.6   65.4   41.8   52.4   86.1  100.7  104.4   42.9  123.0  200.7   318.6   227.8   239.2   270.3  1174.1
1979   75.2   25.6  139.6   82.8   93.5   54.8   73.6  113.6   55.2  135.7  121.7  156.4   301.5   316.0   242.0   312.5  1127.7
1980   98.3   91.4  115.2   12.3   26.3  119.4   87.0  108.2   94.2  118.8  130.4  125.5   346.1   153.8   314.6   343.4  1126.9
1981   81.5   60.7  124.3   23.6   73.9   73.9   74.1   21.5  179.5  152.8  125.0   80.4   267.6   221.8   169.5   457.3  1071.1
1982  112.1   78.1  110.6   34.0   67.2   59.6   41.6  109.7  147.1  196.1  151.5  136.1   270.6   211.8   211.0   494.7  1243.8
1983  140.5   52.2   92.8   77.3  124.1   71.0   24.6   28.7  135.7  132.8   29.7  149.7   328.8   294.2   124.3   298.2  1059.1
1984  180.1   78.7  126.8   23.6   27.7   56.6   45.4   30.8  127.2  138.9  262.4  112.7   408.5   178.1   132.8   528.5  1210.9
1985   84.3   23.5   87.1   89.7   76.1   91.2  144.4  184.2  157.6   46.0  115.0  144.6   220.4   252.9   419.8   318.5  1243.5
1986  140.5   36.9   91.8   81.1  139.9   62.0   65.1  114.7   32.1   91.7  129.5  194.4   322.0   312.8   241.8   253.3  1179.7
1987   62.2   63.2  113.4   74.3   57.8  103.2   92.1   95.2   88.0  134.4   75.3   93.4   319.8   245.5   290.6   297.7  1052.6
1988  159.0   89.6  113.9   76.0   60.5   23.1  174.1  124.8   99.4  152.7   78.2   64.0   341.9   250.5   322.1   330.3  1215.4
1989   93.7  136.7  124.7   51.2   47.8   58.2   25.8  120.7   64.3  102.1   39.2   75.2   294.4   223.7   204.7   205.6   939.6
1990  173.5  204.9  104.1   48.3   46.7  119.3   45.1   72.2   72.7  169.3   70.3  128.0   453.7   199.1   236.6   312.3  1254.4
1991  108.5   93.0  102.0   84.0   28.6  120.2   78.9   37.4   79.7  125.6  136.4   80.1   329.5   214.6   236.5   341.7  1074.3
1992   83.1   85.2  151.1   83.4   54.1   37.8   66.8  172.1  134.0   87.0  129.2   89.0   248.4   288.6   276.7   350.2  1172.8
1993  222.9   24.2   76.1  115.2  123.7   60.7   80.7   61.3   93.5  140.2   63.1  155.8   336.2   314.9   202.8   296.8  1217.4
1994  155.7  107.4  152.9   81.2   18.8   65.7   47.5   66.9   65.8   93.9  122.8  152.5   418.9   252.9   180.1   282.5  1131.1
1995  149.6  132.2   86.2   46.8   78.6   38.7   55.8   22.5  195.2  157.7  106.2   69.6   434.3   211.6   117.0   459.1  1139.1
1996   94.6  110.3   60.6   84.7   65.6   37.0   57.6   62.9   40.0  155.4  130.4   87.2   274.5   210.9   157.6   325.8   986.4
1997   30.9  186.0   74.8   33.8  115.1  129.5   66.3   55.4   62.6   52.3  153.6  141.0   304.1   223.7   251.2   268.6  1101.3
1998  121.9   75.6   81.8  147.4   55.3   97.7  133.5   81.5   99.3  174.5  133.8  112.5   338.5   284.6   312.7   407.6  1314.9
1999  149.3   78.1   73.6   86.5   89.7   98.0   63.7   50.0  144.0   84.5  123.1  185.5   339.9   249.8   211.8   351.6  1226.0
2000  113.7  112.6   72.3  133.5   64.9   61.0   55.6  110.4  155.0  166.7  158.4  158.2   411.8   270.8   227.1   480.1  1362.4
2001   73.7  108.1   86.5   62.6   26.0   64.8   82.7  104.1   79.3  179.1   84.6   75.3   339.9   175.1   251.7   343.0  1026.8
2002  152.6  171.3   83.7   54.2  104.9  110.7  137.6   99.9   36.5  208.0  183.2   98.7   399.2   242.8   348.2   427.7  1441.3
2003  117.2   38.0   54.7   57.9  106.2   51.7   62.3   24.8   49.2   53.8  110.9  114.1   254.0   218.9   138.8   213.8   840.8
2004  131.1   64.5   69.0  106.5   50.1  118.2   61.4  198.5   87.3  198.9   60.5   87.9   309.7   225.6   378.2   346.6  1233.9
2005  155.0   83.2   79.7  104.6   94.7   82.1   39.4   75.9   66.5  176.1  127.9   77.4   326.1   279.1   197.4   370.5  1162.6
2006   64.3   64.5  126.4   44.1   92.4   49.8   52.3   82.2  119.9  148.6  153.9  173.7   206.3   262.9   184.3   422.4  1172.2
2007  146.0  120.1   90.4   26.4  101.5  128.3  136.7  102.3   55.8   48.4  120.4   91.3   439.9   218.4   367.3   224.6  1167.7
2008  231.2   86.3  107.6   95.1   29.3   90.2  104.3  159.7   90.7  143.7   77.5   99.2   408.9   231.9   354.1   311.9  1314.8
2009  115.7   58.9   79.5   51.8   95.4   68.6  152.0  137.6   95.5  134.8  219.4   96.1   273.8   226.8   358.2   449.7  1305.4
2010   96.9   86.3   82.7   56.3   48.0   37.1  143.6   80.9  127.4  108.4  177.4   50.2   279.2   187.0   261.6   413.2  1095.2
2011   90.0  141.8   88.8   35.5  120.1   94.2  109.9  165.3  121.1  120.5  120.3  138.4   282.0   244.3   369.4   362.0  1345.8
2012   92.5   41.5   26.8  134.7   74.8  141.0  135.8  127.0   85.9  128.2  101.2  194.1   272.3   236.3   403.8   315.3  1283.5
2013  112.5   53.8   63.0   73.9   81.8   42.5   85.6   54.4   55.3  156.2   71.5  214.3   360.4   218.7   182.6   283.1  1065.0
2014  199.7  168.3   82.7   74.3   68.6   79.1   67.3  153.5   27.3  177.5  149.2  110.6   582.2   225.6   299.9   354.0  1358.0
2015  148.0   66.8   99.5   52.1  108.2   64.1  148.6   97.0   44.5   78.8  171.8  269.7   325.4   259.8   309.7   295.1  1349.0
2016  263.3   96.7   61.1   89.2   44.4  102.7  101.7   72.4   85.5   73.5   85.4   84.6   629.7   194.7   276.9   244.5  1160.7
2017   58.1  109.5   88.4   27.5   43.5  149.6   82.4  104.5  111.9   97.5   93.4   73.9   252.2   159.4   336.5   302.9  1040.3
2018  111.7   62.4  114.5   72.4   34.1   60.1   64.8   69.2   93.1   97.1  156.6   84.9   247.9   221.0   194.1   346.8  1020.8
2019   41.4   60.5  123.7   54.1  103.6   96.4  102.8  156.2  104.3  107.5  136.8  117.4   186.8   281.4   355.4   348.6  1204.8
2020  107.5  211.7   65.1   16.7   46.8   98.1  114.7  125.3   65.5  212.3   90.5  173.8   436.6   128.6   338.1   368.2  1328.0
2021  109.8  147.0   86.4   23.6  133.2   29.3   82.3   87.0   81.0  184.6   78.8  107.2   430.7   243.2   198.5   344.4  1150.3
2022   47.1  147.6                                                                         301.9                                